#Time/Duration/Intensity
#1
1 0 0

#2
1 0 0

#3
1 0 0

#4
4 0 4
4 0 4
4 0 4
8 0 4
8 0 4

#5
6 0 3
6 0 8
6 0 5
6 0 3
6 0 8
6 0 5

#6
8 0 2
16 0 2
16 0 2
16 0 2
16 0 2
16 0 2
16 0 2
2 0 3

#7
8 0 2
16 0 2
16 0 2
16 0 2
16 0 2
16 0 2
16 0 2
2 0 3

#8
8 0 2
16 0 2
16 0 2
16 0 2
16 0 2
16 0 2
16 0 2
4 0 3
8 0 0
16 0 1
16 0 1

#9
6 0 3
6 0 6
6 0 5
6 0 3
6 0 6
6 0 5

#10
6 0 3
6 0 8
6 0 5
6 0 3
6 0 8
6 0 5

#11
4 0 6
4 0 6
4 0 6
4 0 6

#12
16 0 4
16 0 1
16 0 1
16 0 1
16 0 1
16 0 1
16 0 1
16 0 1
16 0 4
16 0 1
16 0 1
16 0 1
16 0 1
16 0 1
16 0 1
16 0 1

#13
16 0 4
16 0 1
16 0 1
16 0 1
16 0 1
16 0 1
16 0 1
16 0 1
16 0 4
16 0 1
16 0 1
16 0 1
16 0 1
16 0 1
16 0 1
16 0 1

#14
8 0 4
16 0 0
16 0 3
8 0 6
8 0 4
8 0 4
16 0 0
16 0 3
8 0 6
8 0 4

#15
8 0 4
16 0 0
16 0 3
8 0 6
8 0 4
8 0 4
8 0 4
8 0 4
8 0 4

#16
16 0 4
16 0 1
16 0 1
16 0 1
16 0 1
16 0 1
16 0 1
16 0 1
16 0 4
16 0 1
16 0 1
16 0 1
16 0 1
16 0 1
16 0 1
16 0 1

#17
16 0 4
16 0 1
16 0 1
16 0 1
16 0 1
16 0 1
16 0 1
16 0 1
16 0 4
16 0 1
16 0 1
16 0 1
16 0 1
16 0 1
16 0 1
16 0 1

#18
8 0 4
16 0 0
16 0 3
8 0 6
8 0 4
8 0 4
16 0 0
16 0 3
8 0 6
8 0 4

#19
8 0 4
16 0 0
16 0 3
8 0 6
8 0 4
8 0 4
8 0 3
8 0 4
8 0 3

#20
16 0 4
16 0 1
16 0 1
16 0 1
16 0 1
16 0 1
16 0 1
16 0 1
16 0 4
16 0 1
16 0 1
16 0 1
16 0 1
16 0 1
16 0 1
16 0 1

#21
16 0 4
16 0 1
16 0 1
16 0 1
16 0 1
16 0 1
16 0 1
16 0 1
16 0 4
16 0 1
16 0 1
16 0 1
16 0 1
16 0 1
16 0 1
16 0 1

#22
8 0 4
16 0 0
16 0 3
8 0 6
8 0 4
8 0 4
16 0 0
16 0 3
8 0 6
8 0 4

#23
8 0 4
16 0 0
16 0 3
8 0 6
8 0 4
8 0 4
8 0 4
8 0 4
8 0 4

#24
16 0 4
16 0 1
16 0 1
16 0 1
16 0 1
16 0 1
16 0 1
16 0 1
16 0 4
16 0 1
16 0 1
16 0 1
16 0 1
16 0 1
16 0 1
16 0 1

#25
16 0 4
16 0 1
16 0 1
16 0 1
16 0 1
16 0 1
16 0 1
16 0 1
16 0 4
16 0 1
16 0 1
16 0 1
16 0 1
16 0 1
16 0 1
16 0 1

#26
8 0 4
16 0 0
16 0 3
8 0 6
8 0 4
8 0 4
16 0 0
16 0 3
8 0 6
8 0 4

#27
6 0 3
6 0 8
6 0 5
6 0 3
6 0 8
6 0 5

#28
1 0 9

#29
1 0 0

#30
1 0 0

#31
1 0 0

#32
4 0 5
4 0 5
8 0 3
8 0 5
4 0 5

#33
4 0 5
4 0 5
2 0 3

#34
4 0 5
4 0 5
8 0 3
8 0 5
4 0 5

#35
4 0 5
4 0 5
2 0 3

#36
4 0 5
4 0 5
8 0 3
8 0 5
4 0 5

#37
4 0 5
4 0 5
2 0 3

#38
4 0 5
4 0 5
8 0 3
8 0 5
4 0 0

#39
8 0 5
8 0 3
8 0 0
8 0 5
8 0 3
8 0 5
8 0 3
8 0 3

#40
4 0 5
4 0 5
8 0 3
8 0 5
4 0 5

#41
4 0 5
4 0 5
2 0 3

#42
4 0 5
4 0 5
8 0 3
8 0 5
4 0 5

#43
4 0 5
8 0 5
8 0 5
8 0 3
8 0 5
4 0 5

#44
1 0 9

#45
6 0 3
6 0 8
6 0 5
6 0 3
6 0 8
6 0 5

#46
4 0 7
4 0 7
4 0 7
4 0 7

#47 (2nd verse)
16 0 4
16 0 1
16 0 1
16 0 1
16 0 1
16 0 1
16 0 1
16 0 1
16 0 4
16 0 1
16 0 1
16 0 1
16 0 1
16 0 1
16 0 1
16 0 1

#48
16 0 4
16 0 1
16 0 1
16 0 1
16 0 1
16 0 1
16 0 1
16 0 1
16 0 4
16 0 1
16 0 1
16 0 1
16 0 1
16 0 1
16 0 1
16 0 1

#49
8 0 4
16 0 0
16 0 3
8 0 6
8 0 4
8 0 4
16 0 0
16 0 3
8 0 6
8 0 4

#50
8 0 4
16 0 0
16 0 3
8 0 6
8 0 4
8 0 4
8 0 4
8 0 4
8 0 4

#51
16 0 4
16 0 1
16 0 1
16 0 1
16 0 1
16 0 1
16 0 1
16 0 1
16 0 4
16 0 1
16 0 1
16 0 1
16 0 1
16 0 1
16 0 1
16 0 1

#52
16 0 4
16 0 1
16 0 1
16 0 1
16 0 1
16 0 1
16 0 1
16 0 1
16 0 4
16 0 1
16 0 1
16 0 1
16 0 1
16 0 1
16 0 1
16 0 1

#53
8 0 4
16 0 0
16 0 3
8 0 6
8 0 4
8 0 4
16 0 0
16 0 3
8 0 6
8 0 4

#54
8 0 4
16 0 0
16 0 3
8 0 6
8 0 4
8 0 4
8 0 3
8 0 4
8 0 3

#55
16 0 4
16 0 1
16 0 1
16 0 1
16 0 1
16 0 1
16 0 1
16 0 1
16 0 4
16 0 1
16 0 1
16 0 1
16 0 1
16 0 1
16 0 1
16 0 1

#56
16 0 4
16 0 1
16 0 1
16 0 1
16 0 1
16 0 1
16 0 1
16 0 1
16 0 4
16 0 1
16 0 1
16 0 1
16 0 1
16 0 1
16 0 1
16 0 1

#57
8 0 4
16 0 0
16 0 3
8 0 6
8 0 4
8 0 4
16 0 0
16 0 3
8 0 6
8 0 4

#58
8 0 4
16 0 0
16 0 3
8 0 6
8 0 4
8 0 4
8 0 4
8 0 4
8 0 4

#59
16 0 4
16 0 1
16 0 1
16 0 1
16 0 1
16 0 1
16 0 1
16 0 1
16 0 4
16 0 1
16 0 1
16 0 1
16 0 1
16 0 1
16 0 1
16 0 1

#60
16 0 4
16 0 1
16 0 1
16 0 1
16 0 1
16 0 1
16 0 1
16 0 1
16 0 4
16 0 1
16 0 1
16 0 1
16 0 1
16 0 1
16 0 1
16 0 1

#61
8 0 4
16 0 0
16 0 3
8 0 6
8 0 4
8 0 4
16 0 0
16 0 3
8 0 6
8 0 4

#62
6 0 3
6 0 8
6 0 5
6 0 3
6 0 8
6 0 5

#63
1 0 9

#64
1 0 0

#65
1 0 0

#66
1 0 0

#67
4 0 5
4 0 5
8 0 3
8 0 5
4 0 5

#68
4 0 5
4 0 5
2 0 3

#69
4 0 5
4 0 5
8 0 3
8 0 5
4 0 5

#70
4 0 5
4 0 5
2 0 3

#71
4 0 5
4 0 5
8 0 3
8 0 5
4 0 5

#72
4 0 5
4 0 5
2 0 3

#73
4 0 5
4 0 5
8 0 3
8 0 5
4 0 0

#74
8 0 5
8 0 3
8 0 0
8 0 5
8 0 3
8 0 5
8 0 3
8 0 3

#75
4 0 5
4 0 5
8 0 3
8 0 5
4 0 5

#76
4 0 5
4 0 5
2 0 3

#77
4 0 5
4 0 5
8 0 3
8 0 5
4 0 5

#78
4 0 5
8 0 5
8 0 5
8 0 3
8 0 5
8 0 3
8 0 5

#79
4 0 5
4 0 5
8 0 3
8 0 5
4 0 5

#80
4 0 5
4 0 5
8 0 3
8 0 5
4 0 5

#81
4 0 5
4 0 5
8 0 3
8 0 5
4 0 3

#82
4 0 5
8 0 5
8 0 5
8 0 3
4 0 5
8 0 3

#83
4 0 5
8 0 5
8 0 5
8 0 3
4 0 5
8 0 5

#84
4 0 5
8 0 5
8 0 5
8 0 3
4 0 5
8 0 3

#85
4 0 5
8 0 5
8 0 5
8 0 3
4 0 5
8 0 5

#86
1 0 9

#87
2 0 0
4 0 0
8 0 0
8 0 3

#88 (Bridge)
8 0 5
8 0 3
16 0 0
16 0 5
8 0 3
8 0 5
8 0 3
16 0 0
16 0 5
8 0 3

#89
8 0 5
8 0 3
16 0 0
16 0 5
8 0 3
8 0 5
8 0 3
16 0 0
16 0 5
8 0 3

#90
8 0 5
8 0 3
16 0 0
16 0 5
8 0 3
8 0 5
8 0 3
16 0 0
16 0 5
8 0 3

#91
8 0 5
8 0 3
16 0 0
16 0 5
8 0 3
8 0 7
8 0 3
8 0 3
8 0 3

#92
8 0 5
16 0 0
16 0 5
8 0 3
8 0 5
4 0 5
4 0 3

#93
8 0 5
16 0 0
16 0 5
8 0 3
8 0 5
4 0 5
4 0 3

#94
8 0 5
16 0 0
16 0 5
8 0 3
8 0 5
4 0 5
4 0 3

#95
8 0 5
16 0 0
16 0 5
8 0 3
8 0 5
8 0 5
16 0 3
16 0 3
16 0 3
16 0 3
16 0 3
16 0 3

#96
8 0 5
16 0 0
16 0 5
8 0 3
8 0 5
4 0 5
4 0 3

#97
8 0 5
16 0 0
16 0 5
8 0 3
8 0 5
4 0 5
4 0 3

#98
8 0 5
16 0 0
16 0 5
8 0 3
8 0 5
4 0 5
4 0 3

#99
8 0 4
8 0 4
8 0 4
8 0 4
8 0 7
8 0 7
8 0 7
8 0 7

#100
8 0 9
8 0 9
8 0 9
8 0 5
8 0 3
8 0 5
8 0 3
8 0 5

#101 (3rd chorus)
4 0 5
8 0 5
8 0 5
8 0 3
4 0 5
8 0 5

#102
4 0 5
8 0 5
8 0 5
8 0 3
4 0 5
8 0 3

#103
4 0 5
8 0 5
8 0 5
8 0 3
4 0 5
8 0 5

#104
4 0 5
8 0 5
8 0 5
8 0 3
4 0 5
8 0 3

#105
4 0 5
8 0 5
8 0 5
8 0 3
4 0 5
8 0 5

#106
4 0 5
8 0 5
8 0 5
8 0 3
4 0 5
8 0 3

#107
4 0 5
8 0 5
8 0 5
8 0 3
4 0 5
8 0 3

#108
8 0 5
8 0 3
8 0 5
8 0 5
8 0 3
8 0 5
8 0 3
8 0 3

#109
4 0 5
8 0 5
8 0 5
8 0 3
4 0 5
8 0 3

#110
4 0 5
8 0 5
8 0 5
8 0 3
4 0 5
8 0 3

#111
4 0 5
8 0 5
8 0 5
8 0 3
4 0 5
8 0 3

#112
4 0 5
8 0 5
8 0 5
8 0 3
4 0 5
8 0 3

#113
4 0 5
8 0 5
8 0 5
8 0 3
4 0 5
8 0 3

#114
4 0 5
8 0 5
8 0 5
8 0 3
4 0 5
8 0 3

#115
4 0 5
8 0 5
8 0 5
8 0 3
4 0 5
8 0 3

#116
8 0 5
8 0 3
8 0 5
8 0 5
8 0 3
8 0 5
8 0 3
8 0 5

#117
4 0 5
8 0 5
8 0 5
8 0 3
4 0 5
8 0 3

#118
4 0 5
8 0 5
8 0 5
8 0 3
4 0 5
8 0 3

#119
4 0 5
8 0 5
8 0 5
8 0 3
4 0 5
8 0 3

#120
4 0 5
8 0 5
8 0 5
8 0 3
4 0 5
8 0 3

#121
4 0 5
8 0 5
8 0 5
8 0 3
4 0 5
8 0 3

#122
4 0 5
8 0 5
8 0 5
8 0 3
4 0 5
8 0 3

#123
4 0 5
8 0 5
8 0 5
8 0 3
4 0 5
8 0 5

#124
8 0 3
4 0 5
8 0 5
8 0 3
8 0 4
8 0 4
8 0 6

#125 (outro)
1 0 9

#126
1 0 0

#127
1 0 0

#128
1 0 0

#129
1 0 0

#130
1 0 0

#131
1 0 0

#132
1 0 0

#133
2 0 5
2 0 3

#134
4 0 5
4 0 5
2 0 3

#135
2 0 5
2 0 3

#136
4 0 5
4 0 5
2 0 3

#137
2 0 5
2 0 3

#138
4 0 5
4 0 5
2 0 3

#139
2 0 5
2 0 3

#140
1 0 0

#141
1 0 0

#142
1 0 0











