#Time/Duration/Intensity
#1
1 0 0

#2
8 0 5
16 0 3
16 0 3
8 0 5
8 0 5
8 0 5
8 0 5
8 0 7
8 0 5

#3
8 0 5
16 0 3
16 0 3
8 0 5
8 0 5
8 0 5
8 0 5
8 0 7
8 0 5

#4
8 0 5
16 0 3
16 0 3
8 0 5
8 0 5
8 0 5
8 0 5
8 0 7
8 0 5

#5
6 0 6
6 0 6
6 0 6
6 0 7
6 0 6
6 0 6

#6
8 0 3
16 0 2
16 0 2
16 0 2
16 0 2
16 0 2
16 0 2
4 0 3
4 0.5 9

#7
8 0 3
16 0 2
16 0 2
16 0 2
16 0 2
16 0 2
16 0 2
4 0 3
4 0.5 9

#8
8 0 3
16 0 2
16 0 2
16 0 2
16 0 2
16 0 2
16 0 2
4 0 3
4 0.5 9

#9
6 0 6
6 0 6
6 0 6
6 0 7
6 0 6
6 0 6

#10
6 0 6
6 0 6
6 0 6
6 0 7
6 0 6
6 0 6

#11
4 0 7
4 0 7
4 0 7
4 0 7

#12
16 0 3
16 0 3
16 0 3
16 0 3
16 0 3
16 0 3
16 0 3
16 0 3
16 0 3
16 0 3
16 0 3
16 0 3
16 0 3
16 0 3
16 0 3
16 0 3

#13
16 0 3
16 0 3
16 0 3
16 0 3
16 0 3
16 0 3
16 0 3
16 0 3
16 0 3
16 0 3
16 0 3
16 0 3
16 0 3
16 0 3
16 0 3
16 0 3

#14
8 0 4
16 0 0
16 0 2
8 0 6
8 0 4
8 0 4
16 0 0
16 0 2
8 0 6
8 0 4

#15
8 0 4
16 0 0
16 0 2
8 0 6
8 0 4
8 0 4
8 0 8
8 0 4
8 0 8

#16
16 0 3
16 0 3
16 0 3
16 0 3
16 0 3
16 0 3
16 0 3
16 0 3
16 0 3
16 0 3
16 0 3
16 0 3
16 0 3
16 0 3
16 0 3
16 0 3

#17
16 0 3
16 0 3
16 0 3
16 0 3
16 0 3
16 0 3
16 0 3
16 0 3
16 0 3
16 0 3
16 0 3
16 0 3
16 0 3
16 0 3
16 0 3
16 0 3

#18
8 0 4
16 0 0
16 0 2
8 0 6
8 0 4
8 0 4
16 0 0
16 0 2
8 0 6
8 0 4

#19
8 0 4
16 0 0
16 0 2
8 0 6
8 0 4
8 0 4
8 0 8
8 0 4
8 0 8

#20
16 0 3
16 0 3
16 0 3
16 0 3
16 0 3
16 0 3
16 0 3
16 0 3
16 0 3
16 0 3
16 0 3
16 0 3
16 0 3
16 0 3
16 0 3
16 0 3

#21
16 0 3
16 0 3
16 0 3
16 0 3
16 0 3
16 0 3
16 0 3
16 0 3
16 0 3
16 0 3
16 0 3
16 0 3
16 0 3
16 0 3
16 0 3
16 0 3

#22
8 0 4
16 0 0
16 0 2
8 0 6
8 0 4
8 0 4
16 0 0
16 0 2
8 0 6
8 0 4

#23
8 0 4
16 0 0
16 0 2
8 0 6
8 0 4
8 0 4
8 0 8
8 0 4
8 0 8

#24
16 0 3
16 0 3
16 0 3
16 0 3
16 0 3
16 0 3
16 0 3
16 0 3
16 0 3
16 0 3
16 0 3
16 0 3
16 0 3
16 0 3
16 0 3
16 0 3

#25
16 0 3
16 0 3
16 0 3
16 0 3
16 0 3
16 0 3
16 0 3
16 0 3
16 0 3
16 0 3
16 0 3
16 0 3
16 0 3
16 0 3
16 0 3
16 0 3

#26
8 0 4
16 0 0
16 0 2
8 0 6
8 0 4
8 0 4
16 0 0
16 0 2
8 0 6
8 0 4

#27
6 0 6
6 0 6
6 0 6
6 0 7
6 0 6
6 0 6

#28
1 0 1

#29
1 0.8 4

#30
1 0.8 4

#31
1 0.8 4

#32
4 0 4
4 0 4
4 0 4
4 0 4

#33
4 0 4
4 0 4
4 0 4
4 0 4

#34
4 0 4
4 0 4
4 0 4
4 0 4

#35
4 0 4
4 0 4
4 0 4
4 0 4

#36
4 0 4
4 0 4
4 0 4
4 0 4

#37
4 0 4
4 0 4
4 0 4
4 0 4

#38
4 0 4
4 0 4
4 0 4
4 0 4

#39
4 0 4
4 0 4
4 0 4
4 0 4

#40
4 0 4
4 0 4
4 0 4
4 0 4

#41
4 0 4
4 0 4
4 0 4
4 0 4

#42
4 0 4
4 0 4
4 0 4
4 0 4

#43
4 0 4
4 0 4
4 0 4
4 0 4

#44
1 0.8 3

#45
6 0 6
6 0 6
6 0 6
6 0 7
6 0 6
6 0 6

#46
4 0 7
4 0 7
4 0 7
4 0 7

#47
16 0 3
16 0 3
16 0 3
16 0 3
16 0 3
16 0 3
16 0 3
16 0 3
16 0 3
16 0 3
16 0 3
16 0 3
16 0 3
16 0 3
16 0 3
16 0 3

#48
16 0 3
16 0 3
16 0 3
16 0 3
16 0 3
16 0 3
16 0 3
16 0 3
16 0 3
16 0 3
16 0 3
16 0 3
16 0 3
16 0 3
16 0 3
16 0 3

#49
8 0 4
16 0 0
16 0 2
8 0 6
8 0 4
8 0 4
16 0 0
16 0 2
8 0 6
8 0 4

#50
8 0 4
16 0 0
16 0 2
8 0 6
8 0 4
8 0 4
8 0 8
8 0 4
8 0 8

#51
16 0 3
16 0 3
16 0 3
16 0 3
16 0 3
16 0 3
16 0 3
16 0 3
16 0 3
16 0 3
16 0 3
16 0 3
16 0 3
16 0 3
16 0 3
16 0 3

#52
16 0 3
16 0 3
16 0 3
16 0 3
16 0 3
16 0 3
16 0 3
16 0 3
16 0 3
16 0 3
16 0 3
16 0 3
16 0 3
16 0 3
16 0 3
16 0 3

#53
8 0 4
16 0 0
16 0 2
8 0 6
8 0 4
8 0 4
16 0 0
16 0 2
8 0 6
8 0 4

#54
8 0 4
16 0 0
16 0 2
8 0 6
8 0 4
8 0 4
8 0 8
8 0 4
8 0 8

#55
16 0 3
16 0 3
16 0 3
16 0 3
16 0 3
16 0 3
16 0 3
16 0 3
16 0 3
16 0 3
16 0 3
16 0 3
16 0 3
16 0 3
16 0 3
16 0 3

#56
16 0 3
16 0 3
16 0 3
16 0 3
16 0 3
16 0 3
16 0 3
16 0 3
16 0 3
16 0 3
16 0 3
16 0 3
16 0 3
16 0 3
16 0 3
16 0 3

#57
8 0 4
16 0 0
16 0 2
8 0 6
8 0 4
8 0 4
16 0 0
16 0 2
8 0 6
8 0 4

#58
8 0 4
16 0 0
16 0 2
8 0 6
8 0 4
8 0 4
8 0 8
8 0 4
8 0 8

#59
16 0 3
16 0 3
16 0 3
16 0 3
16 0 3
16 0 3
16 0 3
16 0 3
16 0 3
16 0 3
16 0 3
16 0 3
16 0 3
16 0 3
16 0 3
16 0 3

#60
16 0 3
16 0 3
16 0 3
16 0 3
16 0 3
16 0 3
16 0 3
16 0 3
16 0 3
16 0 3
16 0 3
16 0 3
16 0 3
16 0 3
16 0 3
16 0 3

#61
8 0 4
16 0 0
16 0 2
8 0 6
8 0 4
8 0 4
16 0 0
16 0 2
8 0 6
8 0 4

#62
6 0 6
6 0 6
6 0 6
6 0 7
6 0 6
6 0 6

#63
1 0 1

#64
1 0.8 4

#65
1 0.8 4

#66
1 0.8 4

#67
4 0 4
4 0 4
4 0 4
4 0 4

#68
4 0 4
4 0 4
4 0 4
4 0 4

#69
4 0 4
4 0 4
4 0 4
4 0 4

#70
4 0 4
4 0 4
4 0 4
4 0 4

#71
4 0 4
4 0 4
4 0 4
4 0 4

#72
4 0 4
4 0 4
4 0 4
4 0 4

#73
4 0 4
4 0 4
4 0 4
4 0 4

#74
4 0 4
4 0 4
4 0 4
4 0 4

#75
4 0 4
4 0 4
4 0 4
4 0 4

#76
4 0 4
4 0 4
4 0 4
4 0 4

#77
4 0 4
4 0 4
4 0 4
4 0 4

#78
4 0 4
4 0 4
4 0 4
4 0 4

#79
4 0 5
4 0 5
4 0 5
4 0 5

#80
4 0 5
4 0 5
4 0 5
4 0 5

#81
4 0 5
4 0 5
4 0 5
4 0 5

#82
4 0 5
4 0 5
4 0 5
4 0 5

#83
4 0 5
4 0 5
4 0 5
4 0 5

#84
4 0 5
4 0 5
4 0 5
4 0 5

#85
4 0 5
4 0 5
4 0 5
4 0 5

#86
1 0.8 5

#87
1 0 0

#88
8 0 5
16 0 2
16 0 2
16 0 2
16 0 2
8 0 5
8 0 5
16 0 2
16 0 2
16 0 2
16 0 2
8 0 5

#89
8 0 5
16 0 2
16 0 2
16 0 2
16 0 2
8 0 5
8 0 6
8 0 6
8 0 6
8 0 6

#90
8 0 5
16 0 2
16 0 2
16 0 2
16 0 2
8 0 5
8 0 5
16 0 2
16 0 2
16 0 2
16 0 2
8 0 5

#91
8 0 5
16 0 2
16 0 2
16 0 2
16 0 2
8 0 5
8 0 6
8 0 6
8 0 6
8 0 6

#92
8 0 3
16 0 2
16 0 2
16 0 2
16 0 2
16 0 2
16 0 2
2 0 3

#93
8 0 3
16 0 2
16 0 2
16 0 2
16 0 2
16 0 2
16 0 2
2 0 3

#94
8 0 3
16 0 2
16 0 2
16 0 2
16 0 2
16 0 2
16 0 2
2 0 3

#95
8 0 3
16 0 2
16 0 2
16 0 2
16 0 2
16 0 2
16 0 2
2 0 3

#96
8 0 3
16 0 2
16 0 2
16 0 2
16 0 2
16 0 2
16 0 2
4 0 3
4 0.5 9

#97
8 0 3
16 0 2
16 0 2
16 0 2
16 0 2
16 0 2
16 0 2
4 0 3
4 0.5 9

#98
8 0 3
16 0 2
16 0 2
16 0 2
16 0 2
16 0 2
16 0 2
4 0 3
4 0.5 9

#99
8 0 6
8 0 6
8 0 6
8 0 6
8 0 7
8 0 7
8 0 7
8 0 7

#100
8 0 8
8 0 8
8 0 8
8 0 8
8 0 9
8 0 9
8 0 9
8 0 9

#101
4 0 4
4 0 4
4 0 4
4 0 4

#102
4 0 4
4 0 4
4 0 4
4 0 4

#103
4 0 4
4 0 4
4 0 4
4 0 4

#104
4 0 4
4 0 4
4 0 4
4 0 4

#105
4 0 4
4 0 4
4 0 4
4 0 4

#106
4 0 4
4 0 4
4 0 4
4 0 4

#107
4 0 4
4 0 4
4 0 4
4 0 4

#108
4 0 4
4 0 4
4 0 4
4 0 4

#109
4 0 4
4 0 4
4 0 4
4 0 4

#110
4 0 4
4 0 4
4 0 4
4 0 4

#111
4 0 4
4 0 4
4 0 4
4 0 4

#112
4 0 4
4 0 4
4 0 4
4 0 4

#113
4 0 4
4 0 4
4 0 4
4 0 4

#114
4 0 4
4 0 4
4 0 4
4 0 4

#115
4 0 4
4 0 4
4 0 4
4 0 4

#116
4 0 4
4 0 4
4 0 4
4 0 4

#117
4 0 4
4 0 4
4 0 4
4 0 4

#118
4 0 4
4 0 4
4 0 4
4 0 4

#119
4 0 4
4 0 4
4 0 4
4 0 4

#120
4 0 4
4 0 4
4 0 4
4 0 4

#121
4 0 4
4 0 4
4 0 4
4 0 4

#122
4 0 4
4 0 4
4 0 4
4 0 4

#123
4 0 4
4 0 4
4 0 4
4 0 4

#124
4 0 4
4 0 4
4 0 4
4 0 4

#125&126
0.5 0.8 9

#127
1 0.8 3

#128
1 0.8 3

#129
4 0 3
4 0 3
4 0 3
4 0 3

#130
4 0 3
4 0 3
4 0 3
4 0 3

#131
4 0 3
4 0 3
4 0 3
4 0 3

#132
4 0 3
4 0 3
4 0 3
4 0 3

#133
4 0 3
4 0 3
4 0 3
4 0 3

#134
4 0 3
4 0 3
4 0 3
4 0 3

#135
4 0 3
4 0 3
4 0 3
4 0 3

#136
4 0 3
4 0 3
4 0 3
4 0 3

#137
4 0 3
4 0 3
4 0 3
4 0 3

#138
4 0 3
4 0 3
4 0 3
4 0 3

#139
4 0 3
4 0 3
4 0 3
4 0 3

#140
4 0 3
4 0 3
4 0 3
4 0 3

#141
0.5 0.8 5











