#Time/Duration/Intensity
#1
1 0 0

#2
8 0 4
16 0 3
16 0 3
8 0 4
16 0 3
16 0 3
8 0 4
16 0 3
16 0 3
16 0 3
16 0 3
16 0 3
16 0 3

#3
16 0 3
16 0 3
16 0 3
16 0 3
8 0 4
16 0 3
16 0 3
8 0 4
16 0 3
16 0 3
8 0 4
8 0 4

#4
8 0 4
16 0 3
16 0 3
8 0 4
16 0 3
16 0 3
8 0 4
16 0 3
16 0 3
4 0 0

#5
2 0 8
2 0 8

#6
1 0 9

#7
1 0 9

#8
1 0 9

#9
6 0 0
6 0 8
6 0 7
6 0 0
6 0 8
6 0 7

#10
1 0 0

#11
4 0 7
4 0 7
4 0 7
4 0 7

#12
1 0 8

#13
1 0 0

#14
4 0 8
4 0 5
4 0 5
4 0 5

#15
4 0 5
4 0 5
4 0 5
8 0 6
8 0 3

#16
1 0 8

#17
1 0 0

#18
4 0 8
4 0 5
4 0 5
4 0 5

#19
4 0 5
4 0 5
8 0 0
4 0 5
8 0 5

#20
1 0 8

#21
1 0 0

#22
4 0 8
4 0 5
4 0 5
4 0 5

#23
4 0 5
4 0 5
4 0 5
8 0 6
8 0 3

#24
1 0 8

#25
1 0 0

#26
4 0 8
4 0 5
4 0 5
4 0 5

#27
1 0 0

#28
1 0 9

#29
1 0 0

#30
1 0 0

#31
1 0 0

#32
4 0 8
4 0 4
4 0 4
4 0 4

#33
4 0 4
4 0 4
4 0 4
4 0 4

#34
4 0 4
4 0 4
4 0 4
4 0 4

#35
4 0 4
4 0 4
4 0 4
4 0 4

#36
4 0 8
4 0 4
4 0 4
4 0 4

#37
4 0 4
4 0 4
4 0 4
4 0 4

#38
4 0 4
4 0 4
4 0 4
4 0 4

#39
4 0 4
4 0 4
2 0 4

#40
4 0 8
4 0 4
4 0 4
4 0 4

#41
4 0 4
4 0 4
4 0 4
4 0 4

#42
4 0 4
4 0 4
4 0 4
4 0 4

#43
4 0 8
4 0 4
4 0 8
4 0 4

#44
1 0.8 9

#45
1 0 0

#46
4 0 7
4 0 7
4 0 7
4 0 7

#47 (2nd verse)
1 0 8

#48
1 0 0

#49
4 0 8
4 0 5
4 0 5
4 0 5

#50
4 0 5
4 0 5
4 0 5
8 0 6
8 0 3

#51
1 0 8

#52
1 0 0

#53
4 0 8
4 0 5
4 0 5
4 0 5

#54
4 0 5
4 0 5
8 0 0
4 0 5
8 0 5

#55
1 0 8

#56
1 0 0

#57
4 0 8
4 0 5
4 0 5
4 0 5

#58
4 0 5
4 0 5
4 0 5
8 0 6
8 0 3

#59
1 0 8

#60
1 0 0

#61
4 0 8
4 0 5
4 0 5
4 0 5

#62
1 0 0

#63
1 0 9

#64
1 0 0

#65
1 0 0

#66
1 0 0

#67
4 0 8
4 0 4
4 0 4
4 0 4

#68
4 0 4
4 0 4
4 0 4
4 0 4

#69
4 0 4
4 0 4
4 0 4
4 0 4

#70
4 0 4
4 0 4
4 0 4
4 0 4

#71
4 0 8
4 0 4
4 0 4
4 0 4

#72
4 0 4
4 0 4
4 0 4
4 0 4

#73
4 0 4
4 0 4
4 0 4
4 0 4

#74
4 0 4
4 0 4
2 0 4

#75
4 0 8
4 0 4
4 0 4
4 0 4

#76
4 0 4
4 0 4
4 0 4
4 0 4

#77
4 0 4
4 0 4
4 0 4
4 0 4

#78
4 0 4
4 0 4
4 0 2
4 0 2

#79
4 0 8
4 0 3
4 0 3
4 0 3

#80
4 0 3
4 0 3
4 0 3
4 0 3

#81
4 0 3
4 0 3
4 0 3
4 0 3

#82
4 0 3
4 0 3
4 0 3
4 0 3

#83
4 0 3
4 0 3
4 0 3
4 0 3

#84
4 0 3
4 0 3
4 0 3
4 0 3

#85
4 0 3
4 0 3
4 0 3
4 0 3

#86
1 0 9

#87
2 0 0
4 0 0
8 0 0
8 0 6

#88
8 0 8
4 0 5
4 0 5
4 0 5
8 0 5

#89
8 0 0
4 0 5
4 0 5
4 0 5
8 0 5

#90
8 0 0
4 0 5
4 0 5
4 0 5
8 0 5

#91
8 0 0
4 0 5
4 0 5
4 0 0
8 0 0

#92
4 0 8
4 0 5
4 0 5
4 0 5

#93
4 0 5
4 0 5
4 0 5
4 0 5

#94
4 0 5
4 0 5
4 0 5
4 0 5

#95
4 0 5
4 0 5
2 0 5

#96
4 0 8
4 0 5
4 0 5
4 0 5

#97
4 0 5
4 0 5
4 0 5
4 0 5

#98
4 0 5
4 0 5
4 0 5
4 0 5

#99
1 0 0

#100
1 0 0

#101 (3rd chorus)
4 0 8
4 0 4
4 0 4
4 0 4

#102
4 0 4
4 0 4
4 0 4
4 0 4

#103
4 0 4
4 0 4
4 0 4
4 0 4

#104
4 0 4
4 0 4
4 0 4
4 0 4

#105
4 0 4
4 0 4
4 0 4
4 0 4

#106
4 0 4
4 0 4
4 0 4
4 0 4

#107
4 0 4
4 0 4
4 0 4
4 0 4

#108
4 0 4
4 0 4
2 0 4

#109
4 0 8
4 0 4
4 0 4
4 0 4

#110
4 0 4
4 0 4
4 0 4
4 0 4

#111
4 0 8
4 0 4
4 0 4
4 0 4

#112
4 0 4
4 0 4
4 0 4
4 0 4

#113
4 0 8
4 0 4
4 0 4
4 0 4

#114
4 0 4
4 0 4
4 0 4
4 0 4

#115
4 0 8
4 0 4
4 0 4
4 0 4

#116
4 0 4
4 0 4
2 0 4

#117
4 0 8
4 0 4
4 0 4
4 0 4

#118
4 0 4
4 0 4
4 0 4
4 0 4

#119
4 0 8
4 0 4
4 0 4
4 0 4

#120
4 0 4
4 0 4
4 0 4
4 0 4

#121
4 0 8
4 0 4
4 0 4
4 0 4

#122
4 0 4
4 0 4
4 0 4
4 0 4

#123
4 0 8
4 0 4
4 0 4
4 0 4

#124
1 0 0

#125 (outro)
1 0 9

#126
1 0 0

#127
1 0 0

#128
1 0 0

#129
1 0 0

#130
1 0 0

#131
1 0 0

#132
1 0 0

#133
4 0 3
4 0 3
4 0 3
4 0 3

#134
4 0 3
4 0 3
4 0 3
4 0 3

#135
4 0 3
4 0 3
4 0 3
4 0 3

#136
4 0 3
4 0 3
4 0 3
4 0 3

#137
4 0 3
4 0 3
4 0 3
4 0 3

#138
4 0 3
4 0 3
4 0 3
4 0 3

#139
4 0 3
4 0 3
4 0 3
4 0 3

#140
4 0 3
4 0 3
4 0 3
4 0 3

#141
0.5 0.8 5











