#Time/Duration/Intensity
#1
1 0 0

#2
1 0 0

#3
1 0 0

#4
1 0 0

#5
6 0 8
6 0 8
6 0 8
6 0 8
6 0 8
6 0 8

#6
4 0 8
2 0 0
4 0 9

#7
2 0 0
4 0 0
4 0 9

#8
2 0 0
4 0 0
4 0 9

#9
1 0 0

#10
1 0 0

#11
1 0 0

#12
8 0 5
8 0 5
4 0 5
8 0 5
8 0 5
4 0 5

#13
8 0 5
8 0 5
4 0 5
4 0 6
4 0 6

#14
1 1 5

#15
1 0 0

#16
8 0 5
8 0 5
4 0 5
8 0 5
8 0 5
4 0 5

#17
8 0 5
8 0 4
8 0 5
8 0 4
8 0 5
8 0 4
4 0 5

#18
1 1 3

#19
1 0 0

#20
4 1 7
8 0 0
4 1 7
8 0 0
4 1 7

#21
8 0 0
4 1 7
8 0 0
4 0 6
4 0 6

#22
8 0 7
8 0 2
8 0 2
8 0 2
4 0 2
4 0 2

#23
8 0 0
8 0 2
8 0 2
8 0 2
4 0 2
4 0 2

#24
4 1 7
8 0 0
4 1 6
8 0 0
4 0 5

#25
4 1 7
8 0 0
4 1 6
8 0 0
4 0 7

#26
4 1 5
4 0 2
4 0 0
4 0 2

#27
2 1 5
2 1 6

#28
1 1 5

#29
1 1 6

#30
2 1 6
4 0 0
8 0 0
8 0 4

#31
2 1 7
8 1 6
4 1 5
8 0 0

#32
2 1 5
4 0 0
8 0 0
8 0 4

#33
2 1 7
4 1 6
4 1 5

#34
2 1 5
4 0 0
8 0 0
8 0 4

#35
2 1 7
4 1 6
4 1 5

#36
2 1 5
4 0 0
8 0 0
8 0 4

#37
2 1 7
4 1 6
4 1 5

#38
2 1 5
4 0 0
8 0 0
8 0 4

#39
6 0 7
6 0 7
6 0 7
6 0 7
6 0 6
6 0 6

#40
4 1 6
2 1 5
8 0 0
8 0 3

#41
2 1 7
4 1 6
4 1 5

#42
2 1 5
4 0 0
8 0 0
8 0 4

#43
2 1 7
4 1 8
4 1 7

#44
1 1 7

#45
6 0 0
6 0 0
6 0 9
6 0 9
6 0 9
6 0 9

#46
2 1 9
2 0 0

#47 (2nd verse) ----------------------------------------------------
8 0 5
8 0 5
8 0 5
8 0 5
8 0 5
8 0 5
4 0 5

#48
8 0 5
8 0 5
8 0 5
8 0 5
8 0 6
8 0 6
4 0 7

#49
1 1 5

#50
4 0 5
8 0 5
8 0 5
8 0 5
8 0 1
4 0 5

#51
4 0 5
8 0 5
8 0 5
8 0 5
8 0 1
4 0 5

#52
1 1 4

#53
1 0 0

#54
4 1 7
8 0 0
4 1 7
8 0 0
4 1 7

#55
8 0 0
4 1 7
8 0 0
4 0 6
4 0 6

#56
8 0 7
8 0 2
8 0 2
8 0 2
4 0 2
4 0 2

#57
8 0 0
8 0 2
8 0 2
8 0 2
4 0 2
4 0 5

#58
4 1 7
8 0 0
4 1 6
8 0 0
4 1 5

#59
4 1 7
8 0 0
4 1 6
8 0 0
4 1 7

#60
4 1 7
4 0 2
4 0 0
4 0 2

#61
2 1 5
4 1 6
4 1 5

#62
2 1 5
4 1 6
4 1 5

#63
1 1 5

#64
1 1 6

#65
2 1 6
4 0 0
8 0 0
8 0 4

#66
2 1 7
8 1 6
4 1 5
8 0 0

#67
2 1 5
4 0 0
8 0 0
8 0 4

#68
2 1 7
4 1 6
4 1 5

#69
2 1 5
4 0 0
8 0 0
8 0 4

#70
2 1 7
4 1 6
4 1 5

#71
2 1 5
4 0 0
8 0 0
8 0 4

#72
2 1 7
4 1 6
4 1 5

#73
2 1 5
4 0 0
8 0 0
8 0 4

#74
6 0 7
6 0 7
6 0 7
6 0 7
6 0 6
6 0 6

#75
4 1 6
2 1 5
8 0 0
8 0 3

#76
2 1 7
4 1 6
4 1 5

#77
2 1 5
4 0 0
8 0 0
8 0 4

#78
2 1 6
4 1 7
4 1 6

#79
1 1 6

#80
2 1 9
2 1 7

#81
1 1 7

#82
2 1 9
4 1 8
4 1 7

#83
2 1 6
2 1 4

#84
2 1 5
4 1 7
4 1 6

#85
1 0.5 6

#86
2 1 5
2 1 3

#87
2 0 0
4 0 9
4 0 9

#88 (Bridge)
1 1 9

#89
1 0 0

#90
1 0 0

#91
1 0 0

#92
8 0 7
8 0 7
4 1 7
4 0 0
8 0 7
8 0 7

#93
4 1 7
4 1 7
8 0 7
8 0 7
8 0 7
8 0 7

#94
8 0 7
8 0 7
4 1 7
4 0 0
8 0 7
8 0 7

#95
4 1 7
8 0 7
8 0 7
8 0 7
8 0 7
8 0 7
8 0 7

#96
8 0 7
8 0 7
4 1 7
4 0 0
8 0 7
8 0 7

#97
4 1 7
4 1 7
8 0 7
8 0 7
4 1 7

#98
4 1 7
8 0 0
8 0 7
4 1 7
8 0 0
8 0 7

#99
1 1 7

#100
2 0 0
4 1 6
4 1 5

#101 (3rd chorus)
2 1 5
4 0 0
8 0 0
8 0 4

#102
2 1 7
4 1 6
4 1 5

#103
2 1 5
4 0 0
8 0 0
8 0 4

#104
2 1 6
2 1 6

#105
2 1 6
4 0 0
8 0 0
8 0 4

#106
2 1 7
4 1 6
4 1 5

#107
2 1 5
4 0 0
8 0 0
8 0 4

#108
6 0 7
6 0 7
6 0 7
6 0 7
6 0 7
6 0 6

#109
2 1 7
4 0 0
8 0 0
8 0 4

#110
2 1 8
4 1 7
4 1 6

#111
2 1 5
4 0 0
4 0 4

#112
2 1 6
2 1 7

#113
4 1 6
4 1 5
2 1 4

#114
2 1 5
2 1 7

#115
1 0.8 6

#116
2 1 7
4 1 6
4 1 5

#117
1 0.8 5

#118
2 1 9
4 1 7
4 1 6

#119
1 0.8 6

#120
2 1 9
4 1 7
4 1 6

#121
4 1 6
8 0 0
8 0 5
2 0 4

#122
2 1 5
2 1 7

#123
1 0.8 6

#124
2 1 7
4 1 6
4 1 5

#125 (outro)
1 1 5

#126
1 1 6

#127
2 1 4
4 0 0
8 0 0
8 0 4

#128
2 1 7
4 1 6
4 1 5

#129
2 1 5
4 0 0
8 0 0
8 0 4

#130
2 1 7
4 1 6
4 1 5

#131
2 1 5
4 0 0
8 0 0
8 0 4

#132
2 1 7
4 1 6
4 1 5

#133
2 1 5
4 0 0
8 0 0
8 0 4

#134
2 1 7
4 1 6
4 1 5

#135
2 1 5
4 0 0
8 0 0
8 0 4

#136
2 1 5
2 1 7

#137
4 1 6
8 0 0
8 0 5
2 0 4

#138
2 1 8
4 1 7
4 1 6

#139
1 0.8 5

#140
2 1 4
2 1 6

#141
1 1 5

#142
1 0 0











